1 0.5551212903404303 0.43790741177283343 0.5718944705663197 0.4422900814447593 0.5865033694727393 0.43089514029775206 0.5886676507922087 0.3984633847255007 0.5686480485871153 0.3730439006283306 0.5572855716599001 0.3923276471848044
1 0.682682194357412 0.5667191667224265 0.684846475676882 0.6596317637672551 0.6783536317184731 0.6605082977016401 0.6724018580899318 0.5772375739350487
1 0.5310206099690312 0.5111606681831332 0.5337259616183682 0.7188992106324195 0.5667312517402788 0.6987389301415605 0.5672723220701463 0.4918769216266594
1 0.4187270055201927 0.5238136570820006 0.4317126934370101 0.5667638198668742 0.43387697475647957 0.5203075213444599
1 0.2008155406768268 0.40201713347719914 0.19865125935735722 0.3678323100361772 0.18728878243014202 0.3836099208551105 0.19053520440934635 0.42918968544313946
1 0.43554071691897595 0.3889696605249443 0.46962814770062145 0.3837104569186333 0.4728745696798257 0.45470970560383245 0.4360817872488432 0.45295663773506206
1 0.48091785013974586 0.22906480173743357 0.4825410611293479 0.3184712630447213 0.4901160457474915 0.3596683579608244 0.5003963820149719 0.3579152900920541 0.5068892259733808 0.4350502763179494 0.4765892875008067 0.45521055680880845 0.47280179519173504 0.2457189464907519
1 0.33357378278828265 0.25988867864888526 0.3611683696115196 0.2765428234022036 0.3595451586219176 0.30809804504006977 0.3341148531181501 0.30897457897445496
1 0.3957736592119487 0.34997652150293257 0.39415044822234657 0.37714907346887294 0.3844111822847336 0.3762725395344878 0.37845940865619226 0.35260612330608815
1 0.4190723519452374 0.2943698002452685 0.4174491409556353 0.30927087712981643 0.4104152266673592 0.31014741106420163 0.40770987501802225 0.3005055377859646
1 0.278966299616073 0.5559309228791257 0.28167165126540994 0.6830283433649758 0.27409666664726645 0.688287546971287 0.2659806116992556 0.5585605246822812
1 0.5816460925966719 0.5507532212271706 0.5811050222668043 0.573543103521185 0.5664961233603849 0.5770492392587258
