1 0.2959293513983349 0.4600404827807271 0.30506664052549126 0.4589233198836711 0.30575624725206907 0.504726998662971 0.2964465564432683 0.5069613244570832
1 0.37217434493777546 0.49391865481360075 0.39950173549523876 0.5081122094206985 0.427872156226651 0.49425659658996013 0.42203118725253674 0.24789704162390727 0.3959554329038123 0.25600764425653455 0.368836648381139 0.24384174030759367
1 0.44990321871961847 0.41022341979068994 0.45240649113709597 0.42407903262142815 0.4490687945804591 0.4348931694649312
1 0.4505461064849946 0.45375363208280184 0.4551354392503702 0.48585810083695147 0.45138053062415384 0.4888995768241866
1 0.6114042648203967 0.4570477534082622 0.6189140820728294 0.4634686471590922 0.6205829303511476 0.4982766501241174 0.6099440225768682 0.5003043007822742
1 0.6603626651650942 0.4471471778723834 0.6553561203301391 0.45018865385961865 0.6611970893042535 0.4762101706392977
1 0.49761916883050833 0.3284800462006832 0.503666486722116 0.32630301175970455 0.5019866761966694 0.34644058033875796
1 0.5209557350984859 0.36725577906937257 0.5175961140475926 0.3726983651718195 0.5186040003628606 0.3835835373767134 0.5206197729933965 0.38412779598695795
1 0.5115936355761502 0.4331665781335545 0.5240242334644549 0.43752064701551197 0.5223444229390084 0.4565696983740761 0.5126015218914183 0.45765821559456554
1 0.4789555006684679 0.3905271315777353 0.4739160690921283 0.39814675212116096 0.4739160690921283 0.4101204415465441 0.4792914627735572 0.4041335968338525
1 0.6466369240612315 0.5194200554807932 0.6526842419528391 0.308247714705854 0.6426053788001597 0.30988049053658806 0.6452930756408743 0.3751915237659507 0.6436132651154276 0.43832552255433455 0.6389097956441773 0.47152529777926067
1 0.6638737485986924 0.22222345250523093 0.6789920433277117 0.22276771111547566 0.6746245359615506 0.5291853086832354 0.662193938073246 0.5280967914627459
1 0.6529142219071372 0.5144710321914889 0.6344363061272249 0.5117497391402657 0.6253653292898135 0.5291660146680957 0.6287249503407066 0.5683526346057133 0.6327564956017785 0.5656313415544898 0.6317486092865106 0.523179169955404
1 0.6597557494701758 0.7139361030908478 0.6644592189414262 0.7656406710640931 0.6533724694734788 0.7645521538436039
1 0.6933132539479205 0.5197545030505943 0.7007044202598853 0.5681935193623716 0.7020482686802427 0.6198980873356171 0.7017123065751533 0.6792222758522882 0.7040640413107786 0.761949584609481 0.6939851781580991 0.7663036534914385 0.6939851781580991 0.6781337586317989 0.690625557107206 0.6030260704180318
1 0.3389678641431919 0.5733181434654497 0.33258458414649494 0.5765836951269178 0.33392843256685223 0.5939999706547479 0.3386319020381026 0.5923671948240137
1 0.3382098642232261 0.6936745311931029 0.32745907686036807 0.695307307023837 0.3288029252807254 0.709458030890199 0.33854582632831537 0.7105465481106885
1 0.3506470012803185 0.7119822126879457 0.34627949391415747 0.7049068507547649 0.34426372128362154 0.7212346090621056 0.3489671907548719 0.7261329365543077
1 0.3263598546068186 0.6881120855385158 0.32669581671190806 0.6554565689238344 0.31460118092869266 0.6875678269282713
1 0.21770721823351152 0.5199979322975632 0.25970248136967566 0.5134668289746268 0.2345053234879772 0.5020373981594883
