1 0.1789837156172688 0.43575630897193635 0.1789837156172688 0.4643926726083 0.16850859403103616 0.46015024836587576
1 0.18509654370327222 0.2561989316093373 0.18444184860413265 0.23604741645782223 0.15628995934113227 0.23392620433661016 0.15956343483683003 0.2699868103972161
1 0.5376601507817247 0.5699845913332013 0.5690855155404229 0.7842270155756255 0.537005455682585 0.7810451973938075
1 0.6823317143168549 0.2227048663833037 0.676439458424599 0.4464927451711825 0.692152140803948 0.47725032092875824 0.7052460427867389 0.34149274517118255 0.6967350064979251 0.22376547244390976
1 0.6309480047845104 0.422411805887576 0.6093430665129055 0.47332089679666695 0.6060695910172077 0.28983604831181853 0.624401053793115 0.3184724119481821
1 0.4595179449299158 0.4982177551974696 0.4568991645333577 0.2903389673186818 0.4208909340806829 0.2542783612580759 0.4248191046755202 0.49185411883383345
1 0.22336775261337696 0.2162767156042889 0.21092854572972564 0.4135494428770162 0.20569098493660928 0.21733732166489494
1 0.4432577112683966 0.5147813262369986 0.44653118676409437 0.5508419322976048 0.45897039364774567 0.5465995080551805 0.4609344789451644 0.5126601141157866
1 0.4020321001621612 0.5245074737433864 0.39221167367506793 0.5531438373797501 0.3928663687742075 0.5775377767736896 0.3941757589724867 0.5987498979858108 0.40137740506302166 0.5987498979858108
1 0.5389240222448335 0.49499616811938385 0.5631477409129968 0.5416628347860504 0.5631477409129968 0.6583295014527172 0.5546367046241828 0.6466628347860504 0.5363052418482754 0.5819658650890807
1 0.6455032358384055 0.4822561094677924 0.6448485407392661 0.7961955034071865 0.6559783574246385 0.7983167155283983 0.6579424427220569 0.4833167155283984
1 0.5753432610171486 0.21469942810757994 0.6100421012715445 0.24757821598636784 0.6080780159741259 0.2793963978045496 0.5648681394309161 0.23697215538030725
