1 0.3590111726572756 0.23743008209199043 0.3668675138469501 0.3371270517889601 0.3662128187478105 0.36682402148592974 0.3707956844417874 0.39864220330411165 0.3668675138469501 0.4389452336071419 0.3577017824589965 0.48349068815259644 0.3622846481529734 0.5206119002738085 0.3812708060280201 0.5131876578495661 0.37865202563146194 0.2289452336071419
1 0.5023727564562918 0.459425544819985 0.4892788544735007 0.37669827209271245 0.5023727564562918 0.33427402966847
1 0.548935903306051 0.5342941865922707 0.5980380357415168 0.5289911562892405 0.6052396818320518 0.259597216895301 0.5482812082069115 0.2659608532589374
1 0.6411747497745215 0.5131010591378735 0.6451029203693589 0.4218889379257523 0.626116762494312 0.4823434833802978
1 0.7039981759378839 0.3764594684053738 0.7072716514335815 0.25873219567810096 0.6967965298473491 0.25236855931446467
1 0.18718402654874822 0.5735701047637561 0.2212281717040045 0.5640246502183015 0.22319225700142314 0.5958428320364835 0.18783872164788773 0.5979640441576957
1 0.18906246671837623 0.7311074953721459 0.22245193889219705 0.7258044650691157 0.22245193889219705 0.7098953741600245 0.18709840353866167 0.7162590105236611
1 0.4372798314018366 0.4863322549601663 0.4588847696734416 0.481029224657136 0.47328806185451144 0.8172413458692572 0.4418626970958134 0.812998921626833
1 0.6531242249478328 0.49960868364042665 0.6747291632194379 0.4974874715192144 0.6760385534177169 0.8124874715192143 0.6544336151461119 0.8177905018222449
1 0.32918089287047464 0.5070869563694506 0.3462029654481028 0.5378445321270265 0.32918089287047464 0.5982990775815719 0.32459802717649777 0.60148089576339
1 0.31848621753872614 0.5361548648363073 0.3145580469438888 0.5711548648363073 0.3204503028361447 0.5700942587757012
