1 0.2077644421695073 0.4789309937667877 0.20693147827259167 0.4469951579590414 0.16167377320684118 0.4478947589677103 0.1633397010006724 0.4816297967927944
1 0.4397020412710142 0.2274068683611604 0.4130471965697134 0.23460367643051167 0.41054830487896643 0.31106976216736876
1 0.368797797560553 0.2795624055849973 0.38906658571883385 0.23638155716888973 0.36491063270827995 0.2318835521255452
1 0.3187864811398118 0.47405318208850844 0.2982400383492256 0.4668563740191572 0.2754723585001978 0.47585238410584624 0.30018362077536226 0.4969930078095654
1 0.4873770900314766 0.45815389106098153 0.47460497694543674 0.44331047441794463 0.45433618878715565 0.4671499011476706 0.4609998999624808 0.4761459112343596 0.4798804149592358 0.47659571173869403
1 0.4457184616746308 0.2140470043564629 0.4648766313036907 0.22394261545182081 0.4634883581421648 0.36383057229983584 0.4487726626299881 0.29456129463233005
1 0.634112433865115 0.46042762126520387 0.6407761450404402 0.4424356010918259 0.6305029236451472 0.4001543536843872
1 0.47808860797998365 0.494101152758579 0.4825310820968671 0.5944066652251622 0.49780208687365407 0.5917078621991555 0.49807974150595946 0.49275175124557574
1 0.4984672724899681 0.5757735787861448 0.5192913699128594 0.579821783325155 0.5190137152805542 0.49480948800594315 0.4965236900638316 0.4921106849799365
1 0.1657575847787007 0.5587587024045264 0.19130181095078075 0.5574093008915232 0.19074650168617024 0.5879957351862659 0.16714585794022677 0.5816985281255835
1 0.27154641680336117 0.5083686451048951 0.2645752233877234 0.20486031177156175 0.22884785713257932 0.20062531177156173 0.23146205466344355 0.499898645104895
