1 0.516760915781749 0.5124578525641025 0.5158895166047944 0.24706451923076914 0.4810335495266051 0.3063545192307692 0.4827763478805145 0.5110461858974358
1 0.7229780946933723 0.5036385110722612 0.7203638971625081 0.4288201777389278 0.6863793292612737 0.43305517773892777 0.6811509341995453 0.5121085110722611
1 0.6879321850988518 0.5177647115384616 0.6835751892140781 0.8198613782051283 0.7210453538231317 0.8198613782051283 0.7219167530000863 0.5219997115384615
1 0.45177929519097043 0.5765208390094199 0.5136486367547566 0.5765208390094199 0.5128816779183151 0.5560200293113413 0.5119058384008471 0.5299358390094199 0.4552648918987894 0.52146583900942
1 0.5606517435753546 0.5577940821678322 0.5597803443984 0.5253257488344988 0.5057535954272065 0.5210907488344988 0.5127247888428442 0.5577940821678322
1 0.4178655544044433 0.5077115967365966 0.41960835275835284 0.4004249300699301 0.41873695358139806 0.3721915967365967 0.39695197415752964 0.3608982634032634 0.39869477251143914 0.5091232634032633
1 0.22461884514662292 0.7957879526029525 0.22723304267748712 0.6997946192696193 0.21939045008489452 0.6955596192696192
1 0.2767251413709747 0.48645234557109557 0.2767251413709747 0.4553956789044289 0.2610399561857895 0.4553956789044289 0.26539695207056313 0.4850406789044289
1 0.6523238318608688 0.39257632478632476 0.6523238318608688 0.37422465811965816 0.6436098400913215 0.37422465811965816
1 0.45378696509252064 0.5617175903263403 0.4320019856686523 0.5786575903263402 0.43025918731474283 0.5348959236596736 0.45378696509252064 0.5193675903263404
1 0.42514957108952267 0.36887593240093236 0.43996321016173173 0.36040593240093244 0.44344880686955057 0.4987492657342657 0.4260208233304559 0.5015725990675991
1 0.6354417057565205 0.5221779797979799 0.6206279197482901 0.5659396464646465 0.6101711296248333 0.5179429797979797
