1 0.4429901732630225 0.687761752807796 0.44451727374070105 0.7159642444295664 0.43993597230766507 0.7194277083129419 0.4384088718299864 0.6907304361364037
1 0.36157202978516656 0.6619923332588306 0.3588232489253449 0.6545706249373121 0.3466064451039152 0.6624871138135986 0.34935522596373697 0.6669401388065094
1 0.43349470193081885 0.6525543076765359 0.45426326842724907 0.6510699660122323 0.45212532775849895 0.49917233569848735 0.43227302154867575 0.4971932134794158
1 0.6732159640803388 0.5668464249422205 0.7074230147803415 0.5673412054969884 0.7107826358312347 0.5178631500201987 0.6704671832205171 0.5188527111297344
1 0.6508250312575801 0.606298123456866 0.6541846523084731 0.5380184068988959 0.6447166293468652 0.5068472319485183 0.6404407480093649 0.5315862596869134
1 0.6006349250421706 0.5128788377550815 0.6009403451377066 0.5559247460198888 0.582920559501098 0.5440500127054592 0.5820042992144908 0.5118892766455457
1 0.6834143109969748 0.44990366955629635 0.7066964848796644 0.45110103849883465 0.706326926564066 0.33016677530246485 0.6826751943657783 0.32477861506104233
1 0.1745387828194037 0.4347036834491734 0.17379966618820722 0.4281181542652128 0.1686258497698318 0.43051289215028943 0.16936496640102827 0.4370984213342502
1 0.461211041844896 0.5115549121035827 0.4856018906743801 0.5085614897472369 0.48116719088720106 0.2217916280093104 0.4571459003733152 0.2235876814231179
1 0.3500775687789577 0.4847443269230769 0.3500775687789577 0.4155726602564102 0.30999320663903995 0.42686599358974353 0.3143502025238137 0.4805093269230769
1 0.18763024295663183 0.7545441083916085 0.18240184789490343 0.6246707750582751 0.16410246517885407 0.6260824417249417 0.17020225941753722 0.7616024417249417
