1 0.27842992968420804 0.27365894905245025 0.28432218557646394 0.3129013732948744 0.277120539485929 0.3182044035979048 0.27253767379195215 0.286386221779723
1 0.20326423540903055 0.2573941810756237 0.21832222268924004 0.27224266592410856 0.2130846618961237 0.28815175683319944 0.20260954030989098 0.27966690834835095
1 0.3150830599351623 0.36670513579416664 0.32228470602569725 0.3210990751881061 0.31704714523258093 0.248977863066894 0.3124642795386041 0.24049301458204553 0.3032985481506505 0.25534149943053036 0.3032985481506505 0.30200816609719705
1 0.2763767096714338 0.3664097397718735 0.2888159165550851 0.3589854973476311 0.3012551234387365 0.4958036791658129 0.2724485390765965 0.5032279215900555
1 0.41352681689416815 0.5728331704608939 0.4397146208597499 0.5738937765215001 0.43840523066147086 0.5431362007639242 0.4115627315967496 0.5441968068245306
1 0.4171392775460311 0.7154267586282986 0.44529116680903136 0.7143661525676926 0.44398177661075233 0.6878510010525413 0.4151751922486124 0.6899722131737535
1 0.5623941025546612 0.5030621419652225 0.566976968248638 0.22094092984401026 0.5257311770028469 0.22518335408643453
1 0.5913022830962558 0.5027983083157762 0.616835391962698 0.4847680052854733 0.6246917331523725 0.5653740658915339 0.5952304536910931 0.60143467195214
1 0.6212872070107422 0.5092043987456001 0.6331907542678248 0.5109574666143705 0.6348139652574272 0.5714383080869475 0.6288621916288858 0.5994873939872729
1 0.49441905558998206 0.20210999378080013 0.5090279544964017 0.19334465443694837 0.5133565171353409 0.5018845993405295 0.4938779852601146 0.5027611332749148
1 0.6563214304602641 0.49403696615294207 0.6682249777173467 0.4896542964810162 0.6666017667277448 0.34940886697938833 0.6525339381511922 0.31522404353836647
