1 0.3324578791072238 0.45632964549850347 0.3324578791072238 0.4690569182257762 0.32001867222357244 0.4701175242863823 0.319363977124433 0.4542084333772913
1 0.3402839236016045 0.5477736891833436 0.339629228502465 0.5308039922136465 0.31606020493344145 0.5361070225166769 0.32129776572655777 0.5520161134257678
1 0.3793605376433568 0.7028953837922655 0.3413882218932633 0.7209256868225686 0.320437978720798 0.725168111064993 0.3171645032251002 0.6954711413680231
1 0.42964213316496475 0.6449746015317013 0.3045953692293119 0.6502776318347315 0.3065594545267306 0.6227018742589742 0.4316062184623835 0.6173988439559438
1 0.4409647176416106 0.7524493847624951 0.31919142920165544 0.753509990823101 0.31919142920165544 0.7344190817321918 0.4390006323441919 0.7301766574897681
1 0.559463270340639 0.766548831083767 0.5673196115303135 0.7517003462352823 0.5627367458363368 0.728367012901949 0.5404771124655923 0.7262458007807369 0.5358942467716155 0.7580639825989186
1 0.6008555869632198 0.7385536197669929 0.5923445506744056 0.7523414985548719 0.5851429045838706 0.7385536197669929
1 0.602437365893205 0.7259022148024776 0.6030920609923447 0.7099931238933866 0.5932716345052517 0.712114336014599 0.5919622443069725 0.7227203966206595
1 0.6239566801905059 0.593250307793884 0.6167550340999709 0.6197654593090354 0.5722357673584821 0.6250684896120657 0.5794374134490171 0.5921897017332779
1 0.6244478857454341 0.5411115314270836 0.591713130788457 0.5697478950634473 0.5897490454910383 0.5485357738513259
1 0.6895798843478114 0.509201331788672 0.6876157990503929 0.4848073923947327 0.5638784253130191 0.48798921057655087 0.5723894616018331 0.5113225439098841
1 0.6455440647568536 0.42965513950111994 0.6455440647568536 0.4084430182889987 0.6128093097998766 0.4063218061677866 0.6128093097998766 0.42753392737990786
1 0.6108092062992304 0.2665372969129543 0.6081904259026724 0.2994160847917422 0.5734915856482764 0.3015372969129543 0.5761103660448346 0.2580524484281059
1 0.5946438288610005 0.23261496517507033 0.6051189504472333 0.26549375305385825 0.6758260211543038 0.2633725409326461 0.6751713260551643 0.24322102578113097
1 0.5716016813092947 0.2584913305452374 0.576839242102411 0.22137011842402537 0.44786430757192097 0.2224307244846313 0.4485190026710605 0.25424890630281316
1 0.5407285708924688 0.28280371477591615 0.5656069846597713 0.2785612905334919 0.5682257650563296 0.26265219962440095
1 0.5608446572164327 0.3280325425263441 0.5654275229104098 0.3057598152536169 0.4469277099661522 0.3057598152536169 0.45216527075926866 0.3269719364657381
1 0.5672506569545137 0.39085444107607903 0.5659412667562347 0.3526726228942609 0.442203893018861 0.34736959259123057 0.44023980772144233 0.3919150471366849
1 0.5205446958253954 0.6132197188611537 0.5231634762219537 0.5930682037096386 0.5663733527651634 0.5888257794672144 0.5709562184591402 0.6185227491641841
1 0.4480640968452974 0.6358367484006101 0.57311086078095 0.6390185665824283 0.5737655558800895 0.655988263552125 0.4461000115478786 0.657048869612731
