1 0.5213609777137616 0.29354939675901354 0.5220156728129013 0.3805190937287105 0.5449300012827853 0.3635493967590136 0.5593332934638553 0.3847615179711348 0.5593332934638553 0.2871857603953772
1 0.6820274209037879 0.2720143117588648 0.6931572375891601 0.3377718875164405 0.7101793101667881 0.26989309963765273
1 0.6308751238002428 0.5431715058461866 0.6426596355847545 0.5580199906946713 0.6642645738563595 0.53680786948255
1 0.25710893081569547 0.29627357782879954 0.2413962484363464 0.33657660813182977 0.2387774680397883 0.3090008505560721
1 0.2557294334519061 0.29803939455235484 0.261621689344162 0.5356151521281123 0.24656370206395256 0.5504636369765971 0.24525431186567348 0.320312121825082
1 0.536822496435152 0.40696599643782205 0.5603915200041754 0.4345417540135796 0.5603915200041754 0.5204508449226706 0.528311460146338 0.5268144812863069 0.527002069948059 0.4249962994681251
1 0.6265804451727038 0.4177195377458337 0.6422931275520529 0.4431740832003792 0.6429478226511923 0.511052871079167 0.6043208118019593 0.5290831741094701 0.6010473363062615 0.39650741653371246 0.6200334941813084 0.41453771956401564
1 0.6456121350259009 0.2597878520803013 0.6456121350259009 0.5228181551106044 0.6757281095863198 0.5090302763227257 0.6724546340906219 0.253424215716665
1 0.5756980445080453 0.5140033301284239 0.5783168249046035 0.7664275725526667 0.5554024964347195 0.7685487846738787 0.5554024964347195 0.5267306028556966
1 0.532502210929041 0.6108392965661936 0.5514883688040879 0.5959908117177087 0.5508336737049484 0.6681120238389209 0.5305381256316226 0.7147786905055875
