1 0.7036929525659803 0.5288942340529494 0.6729222829064218 0.5426821128408282 0.6722675878072822 0.7908639310226463 0.705657037863399 0.780257870416586
1 0.5781029926670214 0.5412487675109764 0.6023267113351845 0.5454911917534009 0.605600186830882 0.7904911917534005 0.5820311632618588 0.7926124038746128
1 0.6537929630111783 0.5315822948026181 0.6465913169206431 0.2515822948026182 0.6289145492438756 0.24733987056019383 0.6295692443430152 0.5368853251056483
1 0.5727082268895025 0.5282041540352962 0.5772910925834793 0.29699203282317505 0.5628878004024092 0.2980526388837811 0.558959629807572 0.5282041540352962
1 0.33231341711285783 0.4838578657755971 0.33755097790597427 0.2961305930483243 0.3257664661214624 0.2887063506240819 0.3238023808240437 0.4785548354725666
1 0.24442587652510578 0.5810358541200014 0.24704465692166394 0.7719449450290925 0.23067727944317537 0.7772479753321229
1 0.265757997154608 0.2958752046851223 0.2703408628485847 0.3022388410487586 0.2703408628485847 0.3234509622608799 0.26706738735288704 0.34572368953360716 0.2605204363614915 0.3966327804426979
1 0.5079302748557277 0.437521282874401 0.4987645434677741 0.4322182525713708 0.4981098483686346 0.4693394646925828 0.5059661895583092 0.4831273434804616
1 0.3060218637271829 0.43088591223452244 0.32107997265476484 0.45315863950724966 0.31715180205992755 0.4595222758708861 0.3027485098788576 0.44361318496179525
1 0.2589067527501453 0.5144568247930383 0.2621802282458431 0.3882447035809172 0.28247577631916904 0.2736992490354627 0.2818210812200294 0.5144568247930383
1 0.3373086043436239 0.7802521830160825 0.3405820798393217 0.560706728470628 0.37200744459801977 0.5628279405918399 0.3733168347962989 0.7791915769554765
1 0.2089932832830126 0.2756489941313385 0.17036627243377953 0.39549747897982335 0.1579270655501282 0.2830732365555809
