1 0.6448467853687402 0.6291615506331885 0.6651423334420661 0.5294645809362187 0.6677611138386242 0.499767611239249 0.6389545294764842 0.5050706415422793
1 0.7062709040440902 0.624445382128515 0.7193648060268812 0.5926272003103332 0.712163159936346 0.5268696245527575 0.7043068187466714 0.5088393215224544
1 0.20674101091915598 0.604008630487969 0.21132387661313276 0.563705600184939 0.19822997463034187 0.563705600184939 0.18906424324238824 0.6252207517000904 0.20543162072087687 0.6167359032152419
1 0.23378902076518732 0.6085711533645417 0.2468829227479782 0.597965092758481 0.24753761784711772 0.5650863048796932 0.2377171913600246 0.560843880637269
1 0.3855940259803269 0.6929089258475056 0.39672384266569916 0.7013937743323542 0.39541445246742 0.646242259180839 0.38493933088118737 0.6430604409990208
1 0.4391991216433991 0.5226456307278997 0.43330686575114313 0.2161304792127482 0.42741460985888724 0.20658502466729362 0.42545052456146865 0.5237062367885056
1 0.4592738159970398 0.49695210718407545 0.4834975346652029 0.49377028900225733 0.48153344936778436 0.4227096829416513 0.4540362552039235 0.4418005920325604
1 0.5162933384091243 0.5030881402594398 0.5084369972194496 0.504148746320046 0.5090916923185892 0.5624820796533794 0.5169480335082639 0.591118443289743
1 0.5201158461085615 0.4906774011648607 0.5172702470784549 0.5795820451483307 0.5241809875801421 0.5808991509851228 0.5274331007574067 0.7508058039313097 0.5331242988176199 0.6770478770709493 0.5310917280818295 0.4952872715936333
1 0.6905003109165101 0.38763391946635606 0.6754592874716616 0.4343911766724774 0.6783048865017681 0.49892936267529264 0.6978175655653555 0.49300238640972793 0.7022892211840943 0.45480631714275555
1 0.7016757765315489 0.4968666858852506 0.7057409180031294 0.35264359675651047 0.7187493707121879 0.39083966602348275 0.7179363424178716 0.501476556314023
