1 0.4624616675184336 0.6180366559310961 0.48079313029434084 0.6466730195674598 0.4801384351952012 0.6880366559310959 0.45656941162617776 0.6784912013856415
1 0.43850988731544144 0.6124400497929691 0.45311878622186114 0.6080573801210433 0.4477080829231872 0.5344285296326887 0.4390509576453088 0.5344285296326887
1 0.23285990729705927 0.4984353651080341 0.236647399606131 0.5317436546146707 0.22690813366851798 0.5650519441213072 0.22203850069971137 0.5457681975648334
1 0.3379923447557301 0.5155909707705414 0.37045656454777365 0.5129613689673858 0.36937442388803876 0.5339981833926299 0.33961555574533225 0.5357512512614002
1 0.372223085393848 0.5110830439716944 0.416590852442974 0.5102065100373092 0.4155087117832392 0.33665279102904466 0.3641080501503663 0.277925017425238
1 0.48009466186351474 0.5328558679938056 0.47793038054404513 0.4714984925868435 0.5076892486867517 0.40049924390164454 0.5001142640686083 0.3382653345602971 0.5060660376971495 0.2847967645628015 0.481717872853117 0.27164875554702395 0.476307169554443 0.23483433030284662 0.5103946003360885 0.2067852444025211 0.5250034992425083 0.20941484620567663 0.5222981475931713 0.523213994715569
1 0.5687409493545091 0.3312042661231739 0.57685700430252 0.3312042661231739 0.5763159339726525 0.3443522751389516 0.5719873713337134 0.3504880126796478
1 0.6474048385935852 0.20999920807202369 0.6755404957466896 0.20123386872817195 0.6755404957466896 0.5176626190412196 0.6501101902429223 0.5325636959257676
1 0.3434044987738467 0.34648337590262845 0.35639018669066425 0.3605079188527911 0.36071874932960335 0.46481545704462673 0.3466509207530511 0.47708693212601927
1 0.6793200842914286 0.6869607546171183 0.6782386234347132 0.6729362116669554 0.6712047091464373 0.6685535419950296 0.6712047091464373 0.692219958223429
