1 0.18033361180838967 0.35081910826463797 0.19223715906547226 0.3190009264464562 0.18926127225120162 0.28814693195609803 0.17557219290555656 0.3112874278238667 0.17854807971982722 0.3633535435263459
1 0.20980268128686955 0.30266793772445705 0.20861232656116124 0.3238800589365784 0.19313771512695388 0.32291587160875457 0.19432806985266213 0.3007395630688097
1 0.1857197482733459 0.40229032004354726 0.1815535067333669 0.42157406660002117 0.1845293935476376 0.45242806109037925 0.19167152190188716 0.44278618781214224
1 0.4166183056181968 0.4499584201628118 0.4291170210985723 0.47599147801405145 0.42911703023813347 0.3747518085925641 0.4160231282553427 0.39210718049339044
1 0.411240549669353 0.1907769182528421 0.42076338747501896 0.250556532577911 0.41659714593504016 0.28526727637956384 0.40885984021793637 0.250556532577911
1 0.26745107633821963 0.4261298758045907 0.24542951391261686 0.4309508124437092 0.24840540072688755 0.48205274081836463 0.2716173178781987 0.47626761685142255
1 0.5772379994124106 0.4546208925059412 0.5778331767752647 0.25599830297426096 0.543908067092579 0.20200381261613423 0.5456935991811416 0.41798177404864106
1 0.6331527556929583 0.3341531067002346 0.6283913367901253 0.4855305171685541 0.6045842422759602 0.4382853381051933 0.6045842422759602 0.27244511771951835
1 0.6757708240938359 0.4419901348338613 0.6591058579339202 0.4535603827677457 0.6573203258453582 0.41306451499915064 0.6745804693681275 0.40727939103220845
1 0.6911468502633721 0.4851800787264553 0.7012648654318923 0.6944087288641964 0.7107877032375582 0.561350877624527 0.7119780579632665 0.4900010153655737
