1 0.6354643203161723 0.34746672882672885 0.6868768717565011 0.3178217288267288 0.6921052668182297 0.3545250621600622
1 0.6341661530011975 0.6855549637565039 0.6420224941908723 0.6452519334534735 0.5922656666562669 0.6431307213322617 0.5909562764579878 0.6844943576958977
1 0.2348573373752855 0.2632970394869344 0.2348573373752855 0.24632734251723742 0.19361154612949427 0.24102431221420711 0.1955756314269129 0.2632970394869344
1 0.36409402075880914 0.27956465116401263 0.36147524036225087 0.26259495419431567 0.3490360334785996 0.26153434813370957 0.34969072857773914 0.28380707540643685
1 0.3305921607741459 0.2577713555540378 0.3790395981104722 0.2577713555540378 0.376420817713914 0.22383196161464392 0.3279733803775877 0.21852893131161358
1 0.4954800803525655 0.2459716654495017 0.48696904406375147 0.21097166544950177 0.4529248989084952 0.21521408969192596 0.4516155087102161 0.24809287757071377
1 0.5412077703796546 0.3336733601985293 0.5398983801813754 0.31246123898640804 0.558884538056422 0.31140063292580195 0.558884538056422 0.33049154201671116
1 0.5222822058951954 0.3874875853547906 0.525555681390893 0.4193057671729724 0.5635279971409866 0.42036637323357845 0.561563911843568 0.3874875853547906
1 0.4502850540656284 0.47394372625871495 0.5674754768116066 0.4750043323193211 0.5668207817124672 0.5248528171678059 0.45159444426390755 0.5121255444405333
1 0.5583975801648396 0.45986631325098637 0.5459583732811881 0.42698752537219864 0.5610163605613977 0.42592691931159254
1 0.2317283238739538 0.3700348752799918 0.22976423857653516 0.3435197237648403 0.19375600812386026 0.356246996492113 0.18851844733074394 0.37321669346180997
