1 0.6798254208754209 0.4958133368298367 0.685925215114104 0.5325166701631701 0.6850538159371493 0.5776900034965036 0.6928964085297419 0.6016883368298367 0.6955106060606061 0.6369800034965036 0.685925215114104 0.6666250034965036 0.6920250093527871 0.7047400034965036 0.6937678077066967 0.7499133368298369 0.6902822109988777 0.7823816701631702 0.682439618406285 0.7866166701631703
1 0.3420750055798891 0.47145976394004196 0.34011092028247053 0.33145976394004195 0.32439823790312144 0.30812643060670863 0.3263623232005401 0.47464158212186025
1 0.27505282111259244 0.3711374888572486 0.2645776995263598 0.2990162767360364 0.24428215145303392 0.2831071858269455 0.23838989556077797 0.2258344585542182 0.27767160150915055 0.21522839794815762
1 0.5662807073087563 0.48397649558055267 0.5695541828044542 0.43200679861085567 0.5505680249294073 0.37473407133812847 0.5459851592354305 0.47973407133812856
1 0.4031816589417391 0.30724219832258903 0.3985987932477624 0.2902725013528921 0.3907424520580878 0.3136058346862254 0.3887783667606691 0.24466644074683153 0.4051457442391578 0.24466644074683153
1 0.647613538500716 0.5685746275387522 0.647613538500716 0.5537261426902673 0.6410665875093204 0.5494837184478432 0.6404118924101809 0.565392809356934
1 0.3428118139122815 0.7442696572148112 0.3428118139122815 0.6901787481239021 0.3336460825243278 0.6806332935784477 0.3369195580200255 0.7516938996390538
1 0.20355315939776253 0.19604859640734928 0.21271889078571612 0.5110485964073491 0.19897029370378572 0.5121092024679553 0.19176864761325074 0.19923041458916751
1 0.3016942309297681 0.340398450785378 0.320680388804815 0.32130754169446885 0.3226444741022335 0.4825196629065901 0.3095505721194427 0.4931257235126506
1 0.7107145738552783 0.48914934614596517 0.712678659152697 0.3862705582671774 0.7002394522690456 0.34808874008535917 0.6963112816742085 0.48914934614596517
1 0.5574825024017361 0.4835411949057704 0.5725404896819456 0.5556624070269827 0.5653388435914106 0.6458139221784976 0.5548637220051779 0.5556624070269827
1 0.5513700125126929 0.5438520842303157 0.5489106019223866 0.561382762918019 0.5375973132069775 0.5542111216366857 0.54251613438759 0.5303056506989084
