1 0.2574268101299783 0.3522461446955248 0.2646284562205133 0.3265794780288581 0.2379823656855338 0.3324128113621916 0.24302351794890825 0.3499128113621915
1 0.3040254651480548 0.7134105790903311 0.30042464210278724 0.6690772457569979 0.17223534169126467 0.6655772457569978 0.17583616473653213 0.7145772457569978
1 0.28479499618158943 0.5528041168198193 0.2718320332186265 0.5388041168198194 0.2394246258112191 0.5423041168198193 0.21926001675772117 0.5539707834864861 0.22142051058488166 0.5656374501531527
1 0.42063956921050594 0.32941203355872783 0.5697136432845801 0.32707870022539454 0.5725943017207941 0.3749120335587278 0.42712105069198747 0.3865787002253945
1 0.4351817663002196 0.5718796853156691 0.4748398939269795 0.5725631551747683 0.4748475543856477 0.5725632871954396 0.4748475543856477 0.5725632871954391 0.5705727128022773 0.5742130186490023 0.5676920543660631 0.5497130186490025 0.4323011078640056 0.543879685315669
1 0.47172030145228044 0.5756222054460691 0.48612359363335045 0.593122205446069 0.5192511656498114 0.593122205446069 0.5509384084481652 0.5779555387794023 0.5703828528926096 0.5802888721127359 0.5696626882835563 0.6164555387794024 0.4321112479543381 0.6152888721127358 0.436432235608659 0.5826222054460692
1 0.6383656897354479 0.6482994567416054 0.684456224714872 0.6856327900749389 0.6880570477601393 0.6354661234082722
1 0.6295221350088203 0.5490458976285423 0.665530365461495 0.5280458976285423 0.6777731638154046 0.5455458976285422
1 0.6858084699625103 0.23671324096014185 0.6836479761353499 0.20287990762680852 0.5590594987690949 0.20287990762680852 0.5633804864234159 0.23321324096014184
1 0.6292847973824406 0.6790195935836432 0.6249638097281195 0.6603529269169764 0.6091201883289427 0.6440195935836431 0.5824740977939633 0.6428529269169766 0.5702312994400538 0.6475195935836432 0.5680708056128932 0.6871862602503099
