1 0.233453985941652 0.4988827685066031 0.23373164057395718 0.4741437407682083 0.18569738918515444 0.4727943392552049 0.1854197345528492 0.49798316749793425
1 0.2338582810567862 0.4961275505574084 0.2338582810567862 0.4628423132366587 0.24496446634899485 0.46239251273232435 0.25468237847967756 0.5064729621571008
1 0.2652798246583556 0.5253096418049681 0.311648148253327 0.5244100407962992 0.3080386380333591 0.21719629633586762 0.2655574792906608 0.21899549835320545
1 0.3108511390965505 0.46075862459037203 0.3475015505608393 0.3820435363318428 0.349722787619281 0.5120358820844998 0.315293613213434 0.510236680067162
1 0.3855541690000035 0.5170885817267499 0.43553200281494275 0.4833535439016659 0.4394191676672158 0.49909656155337184
1 0.3455046066345909 0.5203944439250618 0.3877081107449842 0.5230932469510687 0.4393518723537547 0.4830610020653024 0.44212841867680697 0.3836550906073881 0.3949271311849199 0.37465908052069896 0.37132648743897634 0.4286351410408335
1 0.6136698302682493 0.4909073184458215 0.6253313248250685 0.4909073184458215 0.6217218146051007 0.3968990130399207 0.6161687219589962 0.4009472175789307
1 0.6531303163178412 0.5135822665166617 0.6567398265378089 0.34535687789557623 0.6367486930118333 0.3440074763825729 0.6348051105856968 0.5135822665166617
1 0.6900734188596827 0.31419177679874066 0.6945158929765662 0.2588663147656029 0.685353290110494 0.25616751173959623
1 0.7006656995555948 0.29943014670764 0.6956679161741007 0.448314113642344 0.6895595142633856 0.4496635151553475 0.6942796430125746 0.29853054569897114
1 0.18954879242979863 0.7184720706919312 0.19093706559132476 0.70722705808357 0.1839956997836943 0.7103756616139111 0.18510631831291519 0.7175724696832623
1 0.5050975213087951 0.6554909322902459 0.5103729593225945 0.6577399348119183 0.5103729593225945 0.6631375408639317 0.5042645574118795 0.6644869423769351
1 0.5991680969227337 0.720451684412037 0.6086083544211112 0.7168532803773614 0.6066647719949747 0.7618333308108066 0.6005563700842598 0.7618333308108066
1 0.6121309011406857 0.6142474418744386 0.6054671899653606 0.6155968433874419 0.6051895353330553 0.6299904595261443 0.6096320094499387 0.63358886356082
1 0.6997758169671994 0.5330943039268834 0.7086607652009664 0.6878256774179353 0.7011640901287255 0.6837774728789253
1 0.5444190233054336 0.5034226496814436 0.6033415365301866 0.4986017130423251 0.6021512275022842 0.3915769196538952 0.5414431364911627 0.3790424843921873
1 0.24327073985472386 0.6687863308628624 0.24208038512901564 0.6099709038656173 0.2218443547919752 0.5607973501466089 0.22005882270341276 0.636003961716857
