1 0.5790431010138414 0.4984229328772905 0.6032668196820044 0.49099869045304806 0.6065402951777022 0.20675626621062387 0.573805540220725 0.20675626621062387
1 0.5557823105093328 0.2260726726316509 0.5381055428325652 0.2228908544498327 0.5472712742205187 0.49652721808619626 0.5544729203110537 0.4933453999043781
1 0.49434941498135415 0.22169438125110552 0.5008963659727497 0.48896710852383285 0.5205372189469359 0.493209532766257 0.5166090483520986 0.2174519570086813
1 0.5255912441977638 0.4559389727477632 0.5321381951891595 0.48245412426291456 0.5360663657839966 0.46654503335382375 0.5288647196934617 0.4209389727477632
1 0.617481310209209 0.4791421263434788 0.625992346498023 0.48232394452529687 0.6266470415971626 0.40277848997984245 0.6201000906057672 0.40383909604044843
1 0.5899927586922895 0.46915738018022096 0.5971944047828245 0.785217986240827 0.5611861743301495 0.786278592301433 0.5566033086361727 0.7883998044226452 0.557139707224815 0.5285790560562267 0.5571857106096687 0.5062959365002272 0.5571922647372476 0.5031212481839873 0.5572580037353123 0.4712785923014331
1 0.5429738217742226 0.48402976187348834 0.5410097364768038 0.5529691558128823 0.5541036384595948 0.5413024891462157 0.5521395531621759 0.5190297618734884
1 0.49876278809724856 0.5030431533155048 0.5112019949808997 0.5624370927094442 0.5098926047826207 0.6228916381639897 0.5033456537912253 0.6313764866488382
1 0.43661239331266044 0.4959575257574882 0.44119525900663725 0.7664120712120335 0.4143527599419159 0.7738363136362759 0.4078058089505206 0.49807873787870016
1 0.6850545566997271 0.513967185143932 0.6660683988246805 0.5118459730227198 0.6693418743203784 0.6550277912045379 0.6902921174928437 0.6730580942348409
1 0.5580449593438702 0.44857950631011567 0.559576133560174 0.37851713194715697 0.563237045363312 0.21100374873435823 0.5711159469981913 0.4852556821603867
