1 0.18274386145907517 0.3613648861668122 0.1815535067333669 0.3796844453954624 0.1892908124504706 0.3825770073789336 0.1898859898133248 0.37004257211722547
1 0.16968228930071244 0.3029193352352631 0.17325335347783727 0.3270240184308554 0.17920512710637854 0.325095643775208 0.17563406292925374 0.29424164928484986
1 0.18792042690398908 0.28134183764690557 0.17839758909832296 0.2861627742860241 0.18137347591259365 0.29869720954773205 0.18792042690398908 0.29869720954773205
1 0.5473817277997318 0.23602503323919213 0.5461913730740235 0.34401401395544545 0.552738324065419 0.3420856392997982 0.5551190335168353 0.242774344533958
1 0.5516792984254977 0.5148036983772247 0.5391805738055611 0.4482747727573899 0.5498937663369354 0.41549240361138445
1 0.6683496656574539 0.5181969929417167 0.6469232805947053 0.5259104915643062 0.6439473937804345 0.3311446513439205 0.6677544882945998 0.3803182050629288
1 0.5309386970333397 0.5263612764645822 0.5160592629619866 0.5292538384480531 0.5178447950505488 0.6825596235720203 0.5309386970333397 0.6844879982276674
1 0.3742597034076819 0.5481737085247772 0.3754500581333902 0.5761351410316644 0.36771275241628654 0.5472095211969535
1 0.3792482590748873 0.5511145597452883 0.38400967797772045 0.5626848076791728 0.3869855647919911 0.5858253035469412 0.3804386138005955 0.5829327415634702
1 0.4662487686804861 0.516354697484743 0.46862947813190264 0.8017541465205558 0.47934267066327707 0.797897397209261 0.4751764291232981 0.5144263228290958
1 0.488225177008177 0.5135928495205222 0.4779403690850778 0.5164904823614649 0.48375352138943833 0.7953876433022018 0.49090817037942025 0.7975608679329086
1 0.5662800355645256 0.5455173101947999 0.5644913733170299 0.5875329863884693 0.5600197176982912 0.5875329863884693 0.5586782210126695 0.5447929019845641
1 0.6665168373350638 0.5317895231155088 0.66606967177319 0.6947813704185368 0.6857449564956406 0.6933325539980655 0.6870864531812622 0.5368603805871585
1 0.6250871509709892 0.525972102112356 0.6481324184607014 0.5434721021123561 0.6531735707240757 0.6088054354456897 0.6243669863619358 0.6251387687790229
1 0.6590508148875915 0.7465660622156136 0.6460878519246286 0.7652327288822802 0.6489685103608428 0.7803993955489471 0.6626516379328593 0.7827327288822804
