1 0.1833681770635834 0.5613052279664874 0.1833681770635834 0.5767322252116666 0.176821226072188 0.5825173491786089 0.176821226072188 0.566126164605606
1 0.22109123175509549 0.6560277768357817 0.22882853747219925 0.6974878319322005 0.21394910340084594 0.6868817713261398
1 0.2871701832857339 0.5931318360054443 0.31930976087985696 0.6288067671349209 0.31930976087985696 0.663517510936574 0.2859798285600257 0.638448640413158
1 0.35949749223230326 0.5669830181202357 0.3678299753122611 0.574696516742825 0.36306855640942803 0.6981124947042577
1 0.41683545323912163 0.4921469532903179 0.41445474378770514 0.7553700937861856 0.3960042455392271 0.7611552177531276 0.3918380039992482 0.4921469532903179
1 0.44970833444412184 0.485817977869409 0.4473276249927053 0.7557904296600424 0.42233017575283194 0.7577188043156897 0.4211398210271236 0.4935314764919984
1 0.4796312754937315 0.4976352569635133 0.47784574340516917 0.7666435214263232 0.45165793943958743 0.7627867721150283 0.45225311680244157 0.4976352569635133
1 0.5683913705290126 0.5140678044492677 0.5660106610775962 0.5921669780029867 0.5416083892005766 0.6056656005925183 0.5445842760148475 0.5198529284162096
1 0.6355302735616009 0.1971423966830704 0.6361254509244549 0.4690432231293512 0.6111280016845815 0.47579253442411706 0.6105328243217274 0.20774845728913102
1 0.47758241530423645 0.4661444054962258 0.4746065284899657 0.33115817960090904 0.45794156233005007 0.3591196121077962 0.4555608528786335 0.32633724296179073 0.4507994339758006 0.28873393717666673 0.45377532079007116 0.24920225673589536 0.4734161737642575 0.22895432285159784 0.4781775926670906 0.19327939172212125 0.4430621282586966 0.20292126500035823 0.44187177353298857 0.3379074908956749 0.44425248298440506 0.4208276010885124 0.44663319243582156 0.4806072154135812
1 0.43882149425752226 0.4609805298974414 0.43703596216895985 0.26428631502140837 0.4048963845748369 0.2565728163988189 0.4066819166633993 0.46580146653655985
1 0.40069739921374203 0.4613323096888087 0.39593598031090904 0.2000375438485884 0.378080659425285 0.2067868551433542 0.378080659425285 0.463260684344456
1 0.3015761943316982 0.22576576979623245 0.31586045104019733 0.24312114169705892 0.3319302398372589 0.21901645850146662
1 0.2527987790312389 0.22171136384731793 0.26291679419975905 0.30463147404015534 0.27839140563396647 0.2892044767949764 0.2795817603596747 0.2149620525525521
1 0.20979151074716043 0.3822592787537124 0.23240825053561737 0.37358159280329917 0.23478895998703386 0.4651793889465497 0.20800597865859802 0.47578544955261054
1 0.5173518085318278 0.4994788937697553 0.5358023067803059 0.5014072684254026 0.5358023067803059 0.5930050645686532 0.5161614538061197 0.6402502436320141
1 0.5361671557960135 0.4742036843242363 0.5331912689817431 0.3575370176575697 0.5081938197418695 0.3141485879055035 0.5093841744675779 0.4713111223407652
